Generation: 0, Iteration 0, New Best Found Rule set [[(0.404, 0.973, 0), (0.53, 0.749, 1), (0.436, 0.84, 0)], [(0.208, 0.714, 0), (0.758, 0.857, 1), (0.806, 0.996, 0), (0.083, 0.345, 1)], [(0.057, 0.798, 1), (0.572, 0.932, 1), (0.542, 0.638, 0), (0.131, 0.179, 1), (0.643, 0.899, 0)]]
Generation: 0, Iteration 1, New Best Found Rule set [[(0.09, 0.744, 0), (0.014, 0.641, 1), (0.22, 0.397, 0), (0.614, 0.638, 1), (0.054, 0.715, 0)], [(0.481, 0.718, 1), (0.283, 0.997, 0), (0.27, 0.439, 0), (0.956, 0.977, 0), (0.041, 0.362, 0)], [(0.856, 0.968, 1), (0.244, 0.755, 1), (0.007, 0.094, 0), (0.576, 0.825, 1)]]
Generation: 0, Iteration 2, New Best Found Rule set [[(0.713, 0.715, 1), (0.506, 0.528, 0)], [(0.258, 0.408, 0), (0.245, 0.359, 0), (0.083, 0.221, 0)], [(0.188, 0.594, 0), (0.126, 0.294, 0)]]
Generation: 0, Iteration 3, New Best Found Rule set [[(0.915, 0.97, 1), (0.712, 0.937, 1), (0.614, 0.638, 1), (0.338, 0.618, 1)], [(0.481, 0.718, 1), (0.283, 0.997, 0), (0.27, 0.439, 0), (0.956, 0.977, 0), (0.041, 0.362, 0)], [(0.856, 0.968, 1), (0.244, 0.755, 1), (0.007, 0.094, 0), (0.576, 0.825, 1)]]
Generation: 0, Iteration 4, New Best Found Rule set [[(0.047, 0.819, 1), (0.59, 0.689, 1), (0.471, 0.751, 0), (0.173, 0.287, 0)], [(0.528, 0.869, 1), (0.57, 0.925, 1), (0.044, 0.727, 0)], [(0.087, 0.328, 0), (0.452, 0.907, 0), (0.89, 0.995, 0)]]
Generation: 1, Iteration 0, New Best Found Rule set [[(0.784, 0.809, 1), (0.59, 0.689, 1), (0.471, 0.751, 0), (0.963, 0.993, 1), (0.081, 0.339, 0), (0.82, 0.957, 0)], [(0.77, 0.918, 0), (0.044, 0.727, 0)], [(0.087, 0.328, 0), (0.452, 0.907, 0), (0.89, 0.995, 0)]]
Generation: 1, Iteration 1, New Best Found Rule set [[(0.404, 0.973, 0), (0.529, 0.539, 0), (0.436, 0.84, 0), (0.505, 0.611, 1), (0.408, 0.803, 0)], [(0.482, 0.677, 1), (0.957, 0.972, 0), (0.405, 0.521, 1), (0.895, 0.989, 1)], [(0.103, 0.559, 0), (0.971, 0.996, 1), (0.014, 0.917, 0), (0.211, 0.612, 0), (0.951, 0.991, 0)]]
Generation: 1, Iteration 2, New Best Found Rule set [[(0.187, 0.384, 1), (0.197, 0.683, 1), (0.462, 0.847, 1), (0.505, 0.611, 1), (0.408, 0.803, 0), (0.584, 0.806, 1), (0.421, 0.647, 0)], [(0.482, 0.677, 1), (0.405, 0.521, 1), (0.97, 0.976, 1), (0.466, 0.948, 0)], [(0.103, 0.559, 0), (0.344, 0.368, 1), (0.982, 0.987, 1), (0.951, 0.991, 0), (0.156, 0.355, 0), (0.313, 0.428, 1)]]
Generation: 1, Iteration 3, New Best Found Rule set [[(0.288, 0.67, 0), (0.755, 0.779, 1), (0.534, 0.706, 1), (0.308, 0.892, 0), (0.039, 0.449, 1)], [(0.98, 1.0, 1), (0.705, 0.996, 1)], [(0.142, 0.555, 1), (0.537, 0.585, 1), (0.478, 0.648, 0)]]
Generation: 1, Iteration 4, New Best Found Rule set [[(0.173, 0.836, 0), (0.664, 0.674, 1)], [(0.461, 0.777, 1), (0.245, 0.359, 0), (0.083, 0.221, 0), (0.992, 0.999, 1), (0.668, 0.999, 1)], [(0.13, 0.22, 0), (0.149, 0.964, 1)]]
Generation: 2, Iteration 0, New Best Found Rule set [[(0.467, 0.801, 1), (0.197, 0.683, 1), (0.392, 0.632, 0), (0.044, 0.553, 1), (0.28, 0.402, 0), (0.384, 0.569, 1), (0.421, 0.647, 0), (0.016, 0.268, 1), (0.918, 0.958, 1)], [(0.548, 0.983, 0), (0.405, 0.521, 1), (0.97, 0.976, 1), (0.967, 0.999, 1), (0.152, 0.708, 1), (0.947, 0.952, 1)], [(0.082, 0.633, 1), (0.139, 0.436, 1), (0.951, 0.991, 0), (0.737, 0.964, 1), (0.313, 0.428, 1), (0.833, 0.906, 0)]]
Generation: 2, Iteration 1, New Best Found Rule set [[(0.664, 0.674, 1)], [(0.461, 0.777, 1), (0.245, 0.359, 0), (0.083, 0.221, 0), (0.992, 0.999, 1), (0.668, 0.999, 1)], [(0.13, 0.22, 0), (0.149, 0.964, 1)]]
Generation: 2, Iteration 2, New Best Found Rule set [[(0.578, 0.581, 1)], [(0.805, 0.952, 1), (0.083, 0.221, 0), (0.779, 0.796, 0)], [(0.13, 0.22, 0), (0.149, 0.964, 1)]]
Generation: 2, Iteration 3, New Best Found Rule set [[(0.646, 0.97, 0), (0.025, 0.529, 1), (0.708, 0.775, 1), (0.308, 0.892, 0), (0.039, 0.449, 1), (0.557, 0.969, 1), (0.67, 0.897, 1)], [(0.194, 0.736, 0), (0.247, 0.337, 0)], [(0.316, 0.393, 0), (0.637, 0.807, 1), (0.374, 0.869, 0)]]
Generation: 2, Iteration 4, New Best Found Rule set [[(0.101, 0.119, 0), (0.937, 0.938, 0), (0.996, 0.997, 0), (0.433, 0.974, 0), (0.308, 0.445, 1), (0.4, 0.564, 0), (0.421, 0.647, 0), (0.016, 0.268, 1), (0.699, 0.759, 0), (0.574, 0.969, 1), (0.808, 0.876, 0)], [(0.548, 0.983, 0), (0.518, 0.751, 1), (0.159, 0.868, 0), (0.953, 0.973, 0), (0.152, 0.708, 1), (0.122, 0.918, 1), (0.397, 0.589, 1), (0.912, 0.943, 0)], [(0.178, 0.804, 1), (0.139, 0.436, 1), (0.029, 0.73, 1), (0.737, 0.964, 1), (0.321, 0.581, 0), (0.613, 0.967, 0), (0.197, 0.495, 1), (0.689, 0.804, 1)]]
Generation: 3, Iteration 0, New Best Found Rule set [[], [(0.805, 0.952, 1), (0.219, 0.989, 1), (0.586, 0.697, 0), (0.414, 0.744, 1)], [(0.006, 0.789, 1), (0.298, 0.445, 0)]]
Generation: 3, Iteration 1, New Best Found Rule set [[], [(0.9, 0.943, 1), (0.219, 0.989, 1), (0.586, 0.697, 0), (0.903, 0.93, 1), (0.887, 0.935, 0), (0.275, 0.523, 0)], [(0.01, 0.383, 1), (0.659, 0.831, 0)]]
Generation: 3, Iteration 2, New Best Found Rule set [[(0.025, 0.529, 1), (0.976, 0.997, 1), (0.308, 0.892, 0), (0.039, 0.449, 1), (0.557, 0.969, 1), (0.356, 0.479, 0), (0.152, 0.788, 1), (0.083, 0.72, 1)], [(0.157, 0.475, 0), (0.247, 0.337, 0), (0.253, 0.691, 1)], [(0.905, 0.931, 0), (0.447, 0.764, 0)]]
Generation: 3, Iteration 3, New Best Found Rule set [[], [(0.804, 0.967, 1), (0.859, 0.895, 0), (0.899, 0.962, 0), (0.903, 0.93, 1), (0.583, 0.69, 1), (0.002, 0.427, 1), (0.4, 0.91, 0)], [(0.607, 0.699, 0), (0.018, 0.08, 1)]]
Generation: 3, Iteration 4, New Best Found Rule set [[(0.025, 0.529, 1), (0.308, 0.892, 0), (0.833, 0.974, 0), (0.557, 0.969, 1), (0.132, 0.704, 1), (0.561, 0.705, 1), (0.747, 0.931, 0), (0.538, 0.646, 1), (0.581, 0.615, 0), (0.334, 0.383, 1)], [(0.247, 0.337, 0), (0.353, 0.615, 0)], [(0.905, 0.931, 0), (0.447, 0.764, 0)]]
Generation: 4, Iteration 0, New Best Found Rule set [[], [(0.804, 0.967, 1), (0.99, 0.996, 1), (0.639, 0.868, 0), (0.018, 0.978, 0), (0.002, 0.427, 1), (0.549, 0.998, 1), (0.049, 0.33, 1), (0.713, 0.933, 0)], [(0.146, 0.419, 0), (0.184, 0.43, 0)]]
Generation: 4, Iteration 1, New Best Found Rule set [[], [(0.804, 0.967, 1), (0.447, 0.903, 0), (0.296, 0.701, 1), (0.541, 0.799, 0), (0.002, 0.427, 1), (0.549, 0.998, 1), (0.108, 0.629, 0), (0.959, 0.983, 1), (0.129, 0.253, 1), (0.464, 0.854, 1), (0.496, 0.802, 0)], [(0.466, 0.884, 1), (0.184, 0.43, 0), (0.745, 0.994, 1)]]
Generation: 4, Iteration 2, New Best Found Rule set [[(0.355, 0.933, 1), (0.308, 0.892, 0), (0.833, 0.974, 0), (0.809, 0.881, 1), (0.132, 0.704, 1), (0.747, 0.931, 0), (0.341, 0.595, 0), (0.731, 0.883, 1), (0.602, 0.625, 0), (0.366, 0.518, 0), (0.246, 0.459, 0), (0.248, 0.791, 0)], [(0.247, 0.337, 0), (0.532, 0.534, 0), (0.542, 0.767, 0)], [(0.009, 0.759, 1), (0.447, 0.764, 0), (0.571, 0.594, 1)]]
Generation: 4, Iteration 3, New Best Found Rule set [[], [(0.87, 0.964, 1), (0.192, 0.755, 1), (0.451, 0.687, 1), (0.403, 0.537, 1), (0.697, 0.939, 1), (0.108, 0.629, 0), (0.675, 0.961, 1), (0.502, 0.621, 0), (0.496, 0.802, 0)], [(0.466, 0.884, 1), (0.184, 0.43, 0), (0.745, 0.994, 1)]]
Generation: 4, Iteration 4, New Best Found Rule set [[], [(0.87, 0.964, 1), (0.451, 0.687, 1), (0.403, 0.537, 1), (0.378, 0.63, 0), (0.702, 0.988, 1), (0.103, 0.903, 1), (0.801, 0.915, 0), (0.572, 0.732, 1), (0.507, 0.739, 0), (0.737, 0.84, 0)], [(0.466, 0.884, 1), (0.184, 0.43, 0), (0.754, 0.962, 1), (0.596, 0.791, 0), (0.372, 0.62, 0)]]
Generation: 5, Iteration 0, New Best Found Rule set [[], [(0.399, 0.612, 1), (0.187, 0.584, 0), (0.378, 0.63, 0), (0.702, 0.988, 1), (0.279, 0.549, 1), (0.246, 0.838, 0), (0.941, 0.981, 1), (0.507, 0.739, 0), (0.324, 0.794, 0), (0.698, 0.951, 0), (0.004, 0.813, 0)], [(0.759, 0.823, 0), (0.545, 0.75, 1), (0.173, 0.315, 1), (0.976, 0.999, 0), (0.394, 0.964, 0)]]
Generation: 5, Iteration 1, New Best Found Rule set [[], [(0.91, 0.936, 0), (0.187, 0.584, 0), (0.916, 0.927, 0), (0.702, 0.988, 1), (0.587, 0.854, 0), (0.843, 0.879, 1), (0.73, 0.879, 1), (0.507, 0.739, 0), (0.324, 0.794, 0), (0.173, 0.544, 1), (0.004, 0.813, 0), (0.18, 0.517, 0), (0.587, 0.761, 0), (0.589, 0.714, 0), (0.049, 0.71, 0), (0.955, 0.97, 1)], [(0.751, 0.97, 1), (0.173, 0.315, 1), (0.39, 0.987, 0), (0.695, 0.708, 1)]]
Generation: 5, Iteration 2, New Best Found Rule set [[], [(0.91, 0.936, 0), (0.891, 0.898, 0), (0.992, 0.998, 0), (0.623, 0.844, 0), (0.482, 0.57, 0), (0.843, 0.879, 1), (0.976, 0.999, 1), (0.83, 0.914, 1), (0.324, 0.794, 0), (0.82, 0.885, 0), (0.708, 0.77, 0), (0.518, 0.981, 0), (0.099, 0.837, 1), (0.589, 0.714, 0), (0.548, 0.584, 0), (0.851, 0.873, 1), (0.064, 0.777, 0), (0.354, 0.401, 1), (0.144, 0.565, 1)], [(0.537, 0.933, 1), (0.907, 0.964, 1), (0.695, 0.708, 1), (0.14, 0.531, 0)]]
Generation: 5, Iteration 3, New Best Found Rule set [[], [(0.738, 0.985, 1), (0.574, 0.866, 0), (0.172, 0.261, 0), (0.945, 0.987, 0), (0.951, 0.995, 1), (0.066, 0.686, 0), (0.137, 0.765, 0), (0.628, 0.802, 1), (0.324, 0.794, 0), (0.131, 0.379, 1), (0.752, 0.853, 1), (0.822, 0.836, 1), (0.472, 0.578, 1), (0.345, 0.646, 0), (0.649, 0.772, 0), (0.181, 0.918, 1), (0.342, 0.682, 1), (0.95, 0.951, 1), (0.512, 0.591, 0), (0.072, 0.927, 0)], [(0.537, 0.933, 1), (0.695, 0.708, 1), (0.744, 0.972, 0), (0.819, 0.918, 0)]]
Generation: 5, Iteration 4, New Best Found Rule set [[], [(0.738, 0.985, 1), (0.574, 0.866, 0), (0.172, 0.261, 0), (0.638, 0.777, 1), (0.795, 0.812, 1), (0.782, 0.863, 0), (0.628, 0.802, 1), (0.131, 0.379, 1), (0.752, 0.853, 1), (0.822, 0.836, 1), (0.878, 0.892, 0), (0.363, 0.364, 0), (0.84, 0.872, 1), (0.181, 0.918, 1), (0.95, 0.951, 1), (0.596, 0.635, 0), (0.57, 0.589, 1), (0.024, 0.08, 1), (0.883, 0.974, 1), (0.186, 0.513, 1), (0.642, 0.789, 1), (0.706, 0.837, 1), (0.577, 0.799, 1)], [(0.695, 0.708, 1), (0.483, 0.746, 0)]]
Generation: 6, Iteration 0, New Best Found Rule set [[], [(0.574, 0.866, 0), (0.172, 0.261, 0), (0.61, 0.839, 0), (0.644, 0.695, 1), (0.08, 0.755, 1), (0.131, 0.379, 1), (0.822, 0.836, 1), (0.809, 0.876, 0), (0.516, 0.919, 0), (0.84, 0.872, 1), (0.181, 0.918, 1), (0.131, 0.373, 1), (0.57, 0.589, 1), (0.927, 0.946, 0), (0.883, 0.974, 1), (0.152, 0.707, 0), (0.03, 0.04, 0), (0.54, 0.872, 1), (0.667, 0.968, 0), (0.5, 0.688, 0), (0.469, 0.812, 0), (0.348, 0.673, 0), (0.004, 0.747, 1)], [(0.488, 0.789, 1), (0.483, 0.746, 0), (0.573, 0.741, 0)]]
Generation: 6, Iteration 1, New Best Found Rule set [[], [(0.312, 0.743, 1), (0.286, 0.563, 0), (0.846, 0.887, 0), (0.892, 0.978, 1), (0.08, 0.755, 1), (0.86, 0.909, 0), (0.054, 0.927, 0), (0.338, 0.454, 1), (0.76, 0.797, 1), (0.907, 0.924, 0), (0.988, 0.997, 1), (0.131, 0.373, 1), (0.69, 0.877, 1), (0.219, 0.595, 1), (0.984, 0.996, 1), (0.03, 0.04, 0), (0.54, 0.872, 1), (0.783, 0.868, 1), (0.944, 0.982, 0), (0.829, 0.901, 1), (0.325, 0.988, 1), (0.708, 0.929, 0), (0.273, 0.71, 0), (0.849, 0.933, 0)], [(0.483, 0.746, 0), (0.035, 0.079, 1)]]
Generation: 6, Iteration 2, New Best Found Rule set [[], [(0.023, 0.487, 1), (0.846, 0.887, 0), (0.37, 0.993, 0), (0.787, 0.824, 1), (0.054, 0.927, 0), (0.005, 0.74, 0), (0.653, 0.702, 0), (0.177, 0.354, 0), (0.988, 0.997, 1), (0.69, 0.877, 1), (0.657, 0.85, 1), (0.568, 0.876, 0), (0.54, 0.872, 1), (0.221, 0.786, 1), (0.829, 0.901, 1), (0.152, 0.894, 1), (0.273, 0.71, 0), (0.849, 0.933, 0), (0.718, 0.746, 0), (0.446, 0.585, 1)], [(0.483, 0.746, 0), (0.035, 0.079, 1)]]
Generation: 6, Iteration 3, New Best Found Rule set [[], [(0.846, 0.887, 0), (0.787, 0.824, 1), (0.268, 0.468, 1), (0.273, 0.501, 1), (0.82, 0.833, 0), (0.988, 0.997, 1), (0.657, 0.85, 1), (0.917, 0.959, 1), (0.353, 0.378, 1), (0.221, 0.786, 1), (0.829, 0.901, 1), (0.152, 0.894, 1), (0.237, 0.307, 1), (0.718, 0.746, 0), (0.383, 0.597, 0), (0.385, 0.52, 0), (0.689, 0.82, 0), (0.296, 0.319, 0)], [(0.483, 0.746, 0), (0.035, 0.079, 1)]]
Generation: 6, Iteration 4, New Best Found Rule set [[], [(0.787, 0.824, 1), (0.273, 0.501, 1), (0.988, 0.997, 1), (0.73, 0.857, 0), (0.841, 0.963, 0), (0.897, 0.9, 1), (0.515, 0.837, 0), (0.829, 0.901, 1), (0.412, 0.971, 1), (0.421, 0.94, 0), (0.718, 0.746, 0), (0.684, 0.843, 1), (0.981, 0.992, 0), (0.23, 0.79, 0), (0.436, 0.547, 1), (0.431, 0.446, 0)], [(0.483, 0.746, 0), (0.035, 0.079, 1)]]
Generation: 7, Iteration 0, New Best Found Rule set [[], [(0.273, 0.501, 1), (0.988, 0.997, 1), (0.427, 0.945, 0), (0.635, 0.792, 0), (0.813, 0.86, 1), (0.204, 0.464, 1), (0.19, 0.9, 1), (0.796, 0.956, 1), (0.11, 0.997, 0), (0.935, 0.968, 1), (0.089, 0.911, 0), (0.548, 0.738, 0), (0.549, 0.965, 1), (0.759, 0.847, 1), (0.431, 0.865, 0), (0.458, 0.61, 1)], [(0.265, 0.477, 0), (0.46, 0.726, 0)]]
Generation: 7, Iteration 1, New Best Found Rule set [[], [(0.162, 0.402, 1), (0.988, 0.997, 1), (0.498, 0.558, 0), (0.608, 0.66, 0), (0.386, 0.814, 0), (0.191, 0.673, 1), (0.19, 0.9, 1), (0.946, 0.988, 0), (0.922, 0.952, 0), (0.293, 0.359, 0), (0.179, 0.484, 1), (0.797, 0.96, 0), (0.914, 0.916, 1), (0.559, 0.627, 1), (0.44, 0.878, 1), (0.81, 0.866, 0), (0.524, 0.543, 1), (0.574, 0.868, 0)], [(0.937, 0.956, 1), (0.218, 0.789, 1)]]
Generation: 7, Iteration 2, New Best Found Rule set [[], [(0.016, 0.185, 0), (0.988, 0.997, 1), (0.33, 0.437, 0), (0.608, 0.66, 0), (0.184, 0.97, 1), (0.19, 0.9, 1), (0.728, 0.732, 0), (0.54, 0.642, 1), (0.036, 0.5, 1), (0.14, 0.87, 1), (0.063, 0.932, 0), (0.559, 0.627, 1), (0.81, 0.866, 0), (0.054, 0.433, 1), (0.306, 0.477, 1), (0.469, 0.578, 0), (0.108, 0.614, 0)], [(0.937, 0.956, 1), (0.218, 0.789, 1)]]
Generation: 7, Iteration 3, New Best Found Rule set [[], [(0.459, 0.969, 0), (0.742, 0.93, 1), (0.145, 0.394, 1), (0.608, 0.66, 0), (0.756, 0.995, 1), (0.613, 0.768, 1), (0.728, 0.732, 0), (0.676, 0.89, 1), (0.036, 0.5, 1), (0.302, 0.426, 0), (0.063, 0.932, 0), (0.559, 0.627, 1), (0.126, 0.93, 1), (0.117, 0.356, 0), (0.291, 0.45, 0), (0.42, 0.868, 0), (0.922, 0.971, 1), (0.675, 0.962, 1), (0.808, 0.971, 1), (0.369, 0.893, 0), (0.965, 0.98, 1), (0.486, 0.518, 0)], [(0.938, 0.985, 1), (0.292, 0.816, 0)]]
Generation: 7, Iteration 4, New Best Found Rule set [[], [(0.459, 0.969, 0), (0.397, 0.731, 1), (0.625, 0.861, 0), (0.756, 0.995, 1), (0.402, 0.536, 0), (0.676, 0.89, 1), (0.438, 0.615, 0), (0.787, 0.829, 1), (0.816, 0.85, 1), (0.203, 0.37, 1), (0.117, 0.356, 0), (0.553, 0.821, 0), (0.803, 0.897, 0), (0.922, 0.971, 1), (0.675, 0.962, 1), (0.27, 0.331, 1), (0.965, 0.98, 1), (0.978, 0.99, 0), (0.468, 0.494, 0), (0.829, 0.841, 0), (0.468, 0.904, 1), (0.061, 0.733, 1)], [(0.698, 0.931, 1), (0.68, 0.789, 1)]]
Generation: 8, Iteration 0, New Best Found Rule set [[], [(0.383, 0.877, 0), (0.625, 0.861, 0), (0.364, 0.646, 1), (0.881, 0.942, 0), (0.052, 0.165, 1), (0.787, 0.829, 1), (0.203, 0.37, 1), (0.968, 0.999, 0), (0.658, 0.879, 1), (0.319, 0.321, 1), (0.996, 0.997, 0), (0.27, 0.331, 1), (0.915, 0.933, 0), (0.739, 0.878, 1), (0.437, 0.671, 1), (0.468, 0.904, 1), (0.061, 0.733, 1), (0.595, 0.79, 0), (0.65, 0.673, 0)], [(0.698, 0.931, 1), (0.68, 0.789, 1)]]
Generation: 8, Iteration 1, New Best Found Rule set [[], [(0.383, 0.877, 0), (0.541, 0.904, 1), (0.547, 0.605, 1), (0.759, 0.885, 1), (0.052, 0.165, 1), (0.787, 0.829, 1), (0.203, 0.37, 1), (0.108, 0.344, 0), (0.834, 0.933, 0), (0.996, 0.997, 0), (0.27, 0.331, 1), (0.736, 0.867, 0), (0.739, 0.878, 1), (0.521, 0.606, 1), (0.737, 0.956, 1), (0.202, 0.244, 0), (0.466, 0.784, 0), (0.01, 0.581, 1), (0.132, 0.328, 0), (0.993, 0.993, 1), (0.359, 0.984, 1), (0.02, 0.22, 0), (0.732, 0.8, 0), (0.808, 0.884, 1)], [(0.68, 0.789, 1)]]
Generation: 8, Iteration 2, New Best Found Rule set [[], [(0.949, 0.984, 0), (0.541, 0.904, 1), (0.759, 0.885, 1), (0.444, 0.808, 1), (0.541, 0.882, 0), (0.782, 0.847, 1), (0.987, 0.994, 0), (0.516, 0.832, 1), (0.429, 0.624, 0), (0.152, 0.638, 1), (0.739, 0.878, 1), (0.521, 0.606, 1), (0.97, 0.982, 1), (0.202, 0.244, 0), (0.809, 0.863, 1), (0.416, 0.562, 1), (0.993, 0.993, 1), (0.316, 0.919, 1), (0.145, 0.159, 1), (0.909, 0.96, 1), (0.808, 0.884, 1), (0.748, 0.938, 0), (0.646, 0.887, 1), (0.761, 0.81, 0), (0.092, 0.676, 1), (0.138, 0.436, 0)], [(0.049, 0.175, 1)]]
Generation: 8, Iteration 3, New Best Found Rule set [[], [(0.949, 0.984, 0), (0.03, 0.644, 1), (0.323, 0.327, 0), (0.42, 0.619, 0), (0.959, 0.987, 0), (0.643, 0.863, 1), (0.418, 0.962, 1), (0.436, 0.718, 1), (0.349, 0.476, 1), (0.565, 0.997, 1), (0.89, 0.985, 0), (0.408, 0.63, 0), (0.202, 0.244, 0), (0.596, 0.89, 0), (0.092, 0.78, 0), (0.111, 0.844, 0), (0.148, 0.605, 1), (0.983, 0.985, 1), (0.022, 0.305, 0), (0.477, 0.995, 1), (0.69, 0.691, 0), (0.727, 0.775, 0), (0.652, 0.982, 0), (0.138, 0.436, 0), (0.322, 0.398, 0)], [(0.049, 0.175, 1)]]
Generation: 8, Iteration 4, New Best Found Rule set [[], [(0.519, 0.772, 0), (0.03, 0.644, 1), (0.653, 0.952, 1), (0.42, 0.619, 0), (0.643, 0.863, 1), (0.418, 0.962, 1), (0.696, 0.773, 1), (0.349, 0.476, 1), (0.82, 0.834, 0), (0.89, 0.985, 0), (0.954, 0.972, 0), (0.607, 0.673, 1), (0.596, 0.89, 0), (0.575, 0.707, 0), (0.291, 0.427, 0), (0.446, 0.745, 1), (0.558, 0.786, 0), (0.477, 0.995, 1), (0.51, 0.79, 0), (0.617, 0.795, 1), (0.568, 0.727, 1), (0.322, 0.398, 0), (0.829, 0.914, 0), (0.332, 0.768, 1), (0.796, 0.929, 1), (0.238, 0.595, 0), (0.471, 0.836, 1), (0.942, 0.979, 0)], [(0.049, 0.175, 1), (0.365, 0.904, 0)]]
Generation: 9, Iteration 0, New Best Found Rule set [[], [(0.172, 0.711, 1), (0.03, 0.644, 1), (0.42, 0.619, 0), (0.123, 0.973, 1), (0.418, 0.962, 1), (0.636, 0.846, 1), (0.349, 0.476, 1), (0.82, 0.834, 0), (0.89, 0.985, 0), (0.114, 0.99, 1), (0.596, 0.89, 0), (0.771, 0.869, 1), (0.554, 0.972, 0), (0.368, 0.978, 1), (0.558, 0.786, 0), (0.078, 0.685, 0), (0.814, 0.9, 0), (0.568, 0.727, 1), (0.322, 0.398, 0), (0.929, 0.942, 0), (0.395, 0.671, 0), (0.182, 0.705, 0), (0.471, 0.836, 1), (0.31, 0.633, 1), (0.699, 0.839, 0), (0.174, 0.411, 0), (0.643, 0.693, 1), (0.657, 0.966, 1), (0.975, 0.998, 0), (0.11, 0.465, 0), (0.432, 0.833, 1), (0.853, 0.922, 0)], [(0.886, 0.917, 0), (0.341, 0.978, 1)]]
Generation: 9, Iteration 1, New Best Found Rule set [[], [(0.172, 0.711, 1), (0.444, 0.547, 1), (0.591, 0.617, 1), (0.074, 0.169, 1), (0.435, 0.928, 0), (0.636, 0.846, 1), (0.83, 0.85, 1), (0.572, 0.595, 0), (0.406, 0.948, 1), (0.595, 0.828, 1), (0.596, 0.89, 0), (0.662, 0.793, 0), (0.554, 0.972, 0), (0.365, 0.448, 0), (0.558, 0.786, 0), (0.814, 0.9, 0), (0.786, 0.866, 1), (0.322, 0.398, 0), (0.778, 0.906, 0), (0.388, 0.601, 0), (0.182, 0.705, 0), (0.085, 0.276, 0), (0.31, 0.633, 1), (0.42, 0.887, 0), (0.547, 0.951, 1), (0.168, 0.846, 0), (0.657, 0.966, 1), (0.798, 0.867, 1), (0.303, 0.615, 1), (0.432, 0.833, 1), (0.835, 0.919, 0), (0.571, 0.77, 0), (0.484, 0.53, 1), (0.946, 0.996, 1), (0.148, 0.891, 0), (0.845, 0.932, 0), (0.603, 0.8, 0), (0.869, 0.99, 0), (0.246, 0.985, 1), (0.572, 0.741, 0), (0.649, 0.826, 1)], [(0.341, 0.978, 1)]]
Generation: 9, Iteration 2, New Best Found Rule set [[], [(0.604, 0.61, 0), (0.635, 0.791, 1), (0.118, 0.161, 1), (0.199, 0.712, 1), (0.668, 0.803, 1), (0.636, 0.846, 1), (0.572, 0.595, 0), (0.442, 0.633, 1), (0.196, 0.395, 0), (0.036, 0.745, 0), (0.662, 0.793, 0), (0.337, 0.517, 0), (0.924, 0.956, 1), (0.569, 0.663, 1), (0.211, 0.48, 1), (0.559, 0.574, 1), (0.778, 0.906, 0), (0.261, 0.852, 1), (0.085, 0.276, 0), (0.727, 0.761, 1), (0.77, 0.826, 1), (0.221, 0.41, 0), (0.657, 0.966, 1), (0.798, 0.867, 1), (0.432, 0.833, 1), (0.047, 0.848, 0), (0.571, 0.77, 0), (0.692, 0.833, 0), (0.148, 0.891, 0), (0.16, 0.6, 1), (0.31, 0.326, 0), (0.078, 0.806, 1), (0.246, 0.985, 1), (0.572, 0.741, 0), (0.497, 0.538, 0), (0.213, 0.969, 1), (0.189, 0.615, 0), (0.926, 0.936, 1), (0.944, 0.98, 1), (0.364, 0.37, 1), (0.998, 0.999, 0)], [(0.888, 0.955, 0)]]
Generation: 9, Iteration 3, New Best Found Rule set [[], [(0.884, 0.962, 0), (0.299, 0.812, 0), (0.592, 0.814, 0), (0.199, 0.712, 1), (0.636, 0.846, 1), (0.605, 0.612, 0), (0.016, 0.285, 1), (0.196, 0.395, 0), (0.662, 0.793, 0), (0.65, 0.79, 1), (0.376, 0.414, 0), (0.587, 0.599, 1), (0.211, 0.48, 1), (0.449, 0.762, 0), (0.542, 0.67, 1), (0.261, 0.852, 1), (0.34, 0.566, 0), (0.394, 0.983, 0), (0.376, 0.595, 1), (0.776, 0.923, 1), (0.702, 0.951, 0), (0.046, 0.058, 0), (0.432, 0.833, 1), (0.179, 0.92, 0), (0.078, 0.687, 0), (0.538, 0.675, 1), (0.16, 0.6, 1), (0.548, 0.773, 1), (0.078, 0.806, 1), (0.66, 0.95, 1), (0.918, 0.963, 0), (0.434, 0.595, 1), (0.085, 0.417, 1), (0.931, 0.993, 0), (0.137, 0.624, 1), (0.123, 0.324, 1), (0.485, 0.587, 0), (0.867, 0.889, 1), (0.499, 0.601, 0), (0.287, 0.536, 1), (0.736, 0.826, 0), (0.925, 0.928, 1), (0.23, 0.893, 1)], []]
Generation: 9, Iteration 4, New Best Found Rule set [[], [(0.556, 0.817, 0), (0.774, 0.789, 1), (0.592, 0.814, 0), (0.519, 0.975, 0), (0.009, 0.111, 0), (0.605, 0.612, 0), (0.844, 0.967, 0), (0.386, 0.682, 1), (0.662, 0.793, 0), (0.023, 0.424, 1), (0.376, 0.414, 0), (0.265, 0.987, 1), (0.734, 0.883, 0), (0.921, 0.958, 1), (0.022, 0.179, 0), (0.529, 0.971, 0), (0.482, 0.572, 0), (0.394, 0.983, 0), (0.228, 0.311, 0), (0.076, 0.841, 1), (0.906, 0.934, 0), (0.893, 0.919, 1), (0.078, 0.32, 0), (0.179, 0.92, 0), (0.497, 0.796, 0), (0.16, 0.6, 1), (0.078, 0.806, 1), (0.907, 0.936, 1), (0.819, 0.961, 1), (0.646, 0.961, 1), (0.931, 0.993, 0), (0.27, 0.665, 0), (0.485, 0.587, 0), (0.472, 0.871, 1), (0.327, 0.563, 1), (0.287, 0.536, 1), (0.736, 0.826, 0), (0.119, 0.222, 1), (0.262, 0.389, 1), (0.903, 0.979, 0), (0.319, 0.928, 0), (0.124, 0.783, 1), (0.561, 0.808, 0), (0.794, 0.879, 1), (0.53, 0.786, 0), (0.887, 0.985, 0), (0.289, 0.952, 0)], []]
FINAL BEST CHROMOSOME IS: [[], [(0.556, 0.817, 0), (0.774, 0.789, 1), (0.592, 0.814, 0), (0.519, 0.975, 0), (0.009, 0.111, 0), (0.605, 0.612, 0), (0.844, 0.967, 0), (0.386, 0.682, 1), (0.662, 0.793, 0), (0.023, 0.424, 1), (0.376, 0.414, 0), (0.265, 0.987, 1), (0.734, 0.883, 0), (0.921, 0.958, 1), (0.022, 0.179, 0), (0.529, 0.971, 0), (0.482, 0.572, 0), (0.394, 0.983, 0), (0.228, 0.311, 0), (0.076, 0.841, 1), (0.906, 0.934, 0), (0.893, 0.919, 1), (0.078, 0.32, 0), (0.179, 0.92, 0), (0.497, 0.796, 0), (0.16, 0.6, 1), (0.078, 0.806, 1), (0.907, 0.936, 1), (0.819, 0.961, 1), (0.646, 0.961, 1), (0.931, 0.993, 0), (0.27, 0.665, 0), (0.485, 0.587, 0), (0.472, 0.871, 1), (0.327, 0.563, 1), (0.287, 0.536, 1), (0.736, 0.826, 0), (0.119, 0.222, 1), (0.262, 0.389, 1), (0.903, 0.979, 0), (0.319, 0.928, 0), (0.124, 0.783, 1), (0.561, 0.808, 0), (0.794, 0.879, 1), (0.53, 0.786, 0), (0.887, 0.985, 0), (0.289, 0.952, 0)], []]
